// SPWAVE-FC Duty 12.5%
@w100
127,127,127,127,-128,-128,-128,-128,-128,-128,-128,-128,-128,-128,-128,-128,-128,-128,-128,-128,-128,-128,-128,-128,-128,-128,-128,-128,-128,-128,-128,-128

// SPWAVE-FC Duty 25%
@w101
127,127,127,127,127,127,127,127,-128,-128,-128,-128,-128,-128,-128,-128,-128,-128,-128,-128,-128,-128,-128,-128,-128,-128,-128,-128,-128,-128,-128,-128

// SPWAVE-FC Duty 50%
@w102
127,127,127,127,127,127,127,127,127,127,127,127,127,127,127,127,-128,-128,-128,-128,-128,-128,-128,-128,-128,-128,-128,-128,-128,-128,-128,-128

// SPWAVE-FC Duty 75%
@w103
127,127,127,127,127,127,127,127,127,127,127,127,127,127,127,127,127,127,127,127,127,127,127,127,-128,-128,-128,-128,-128,-128,-128,-128

// SPWAVE-FC Try Wave
@w104
0,15,31,47,63,79,95,111,127,111,95,79,63,47,31,15,-1,-17,-33,-49,-65,-81,-97,-113,-128,-113,-97,-81,-65,-49,-33,-17
